SCF steps;Enthalpy (Ry);Volume (Ang^3);Density (g/cm^3);SCF Interations;CPU Time (h)
81;-3837.5850871933;1945.52513;2.89175;34;14.7
82;-3837.7643949570;1945.11993;2.89235;37;15.4
83;-3837.8832606658;1947.15226;2.88933;27;11.9
84;-3838.0192525805;1948.10394;2.88792;24;11.0
85;-3838.1151653295;1952.93578;2.88078;22;10.0
86;-3838.2636867363;1952.06313;2.88206;22;9.7
87;-3838.3184685800;1951.47945;2.88293;21;10.3
88;-3838.4013181857;1950.02186;2.88508;20;8.8
89;-3838.5198183831;1947.24922;2.88919;18;7.8
90;-3838.6657226063;1943.90813;2.89415;21;9.4
91;-3838.8112257901;1942.96928;2.89555;24;10.2
92;-3838.9178570162;1941.43226;2.89785;17;7.2
93;-3839.0272313901;1940.46536;2.89929;20;8.2
94;-3839.1821449147;1937.97632;2.90301;24;9.9
95;-3839.3276290322;1938.83354;2.90173;24;9.7
96;-3839.4165141346;1938.32185;2.90250;22;8.9
97;-3839.5117561107;1937.68843;2.90344;21;8.8
98;-3839.6148842387;1939.37683;2.90092;21;8.8
99;-3839.7110613748;1937.10004;2.90433;22;9.0
100;-3839.7870891670;1937.40017;2.90388;23;9.3
101;-3839.8482745719;1937.14835;2.90425;21;8.6
102;-3839.9079079565;1937.19723;2.90418;21;8.6
103;-3839.9690150825;1937.93348;2.90308;22;9.0
104;-3840.0274523994;1936.92609;2.90459;21;8.8
105;-3840.0809308184;1936.15442;2.90575;20;8.4
106;-3840.1261040263;1934.47323;2.90827;22;8.8
107;-3840.1623833368;1933.34562;2.90997;19;7.5
108;-3840.1920631383;1932.10294;2.91184;18;7.7
109;-3840.2207140219;1932.18145;2.91172;20;8.3
110;-3840.2458883143;1932.15501;2.91176;21;8.3
111;-3840.2724026993;1932.23911;2.91163;20;7.9
112;-3840.2972636614;1931.18692;2.91322;20;8.2
113;-3840.3239044391;1929.34561;2.91600;21;9.2
14;-3736.6049200387;4247.12611;1.32465;13;15.8
15;-3745.4523947845;4016.56739;1.40069;21;27.6
29;-3814.7706119670;2191.74289;2.56689;43;13.9
30;-3816.8539147932;2185.70990;2.57398;32;11.0
31;-3818.6230304793;2121.40705;2.65200;30;9.2
32;-3820.2553602067;2045.12654;2.75092;32;10.9
33;-3821.7087178478;2005.59041;2.80514;34;10.5
34;-3822.8427834493;1993.78221;2.82176;31;9.2
35;-3823.8230291316;2008.37355;2.80126;27;8.4
36;-3824.7878295331;2030.99689;2.77005;31;9.4
37;-3825.5771249401;2062.42010;2.72785;33;9.8
38;-3826.3907467458;2051.23911;2.74272;34;10.4
39;-3827.0024511649;2049.73390;2.74473;30;9.2
40;-3827.8168346971;2017.44544;2.78866;27;8.9
41;-3828.4067619888;2004.67445;2.80643;29;9.1
42;-3829.0092282361;2002.65548;2.80926;27;8.7
43;-3829.5995752250;2010.23530;2.79866;24;7.7
44;-3830.0318848924;2018.11761;2.78773;23;7.3
45;-3830.4548769279;2022.28465;2.78199;26;8.0
46;-3830.7534595591;2013.95546;2.79349;27;8.4
152;-3841.4211772761;1913.82674;2.93964;28;13.0
153;-3841.4260142722;1913.69492;2.93985;21;7.7
50;-3832.2402836808;1969.34351;2.85677;36;11.7
51;-3832.6514561291;1970.54020;2.85504;28;10.4
52;-3833.0710907453;1975.73657;2.84753;32;10.7
53;-3833.4058248503;1981.09677;2.83983;43;14.1
54;-3833.7096667362;1978.03217;2.84423;72;21.7
55;-3833.9908807468;1980.06050;2.84131;60;17.9
56;-3834.2325368424;1974.34573;2.84954;31;10.2
57;-3834.4556154913;1974.16111;2.84980;23;7.8
58;-3834.6993765123;1975.07188;2.84849;26;8.5
59;-3834.8206524250;1978.64829;2.84334;26;9.1
60;-3834.9447031830;1980.58011;2.84057;26;8.8
61;-3835.0872300830;1982.06030;2.83845;26;9.1
62;-3835.2016912242;1979.07384;2.84273;27;9.2
63;-3835.3170379900;1974.35450;2.84952;29;9.2
64;-3835.4668298107;1967.93747;2.85882;31;10.9
65;-3835.6006866006;1964.10293;2.86440;30;10.1
66;-3835.7313699631;1961.63957;2.86799;29;10.1
67;-3835.8631216514;1962.57870;2.86662;29;10.0
68;-3835.9952862831;1963.99955;2.86455;29;10.1
69;-3836.1145159077;1965.07542;2.86298;30;10.7
70;-3836.2198796308;1963.45410;2.86534;33;11.1
71;-3836.3314726451;1959.58622;2.87100;72;21.1
72;-3836.4408229969;1954.68576;2.87820;35;11.8
73;-3836.5787583871;1950.72915;2.88404;33;11.7
74;-3836.7129782605;1952.86922;2.88087;49;15.7
75;-3836.8471149239;1953.86240;2.87941;29;10.3
76;-3836.9854156172;1959.09062;2.87173;29;9.6
77;-3837.0750074780;1958.42232;2.87271;32;10.7
78;-3837.1889564451;1954.99673;2.87774;29;10.5
79;-3837.3062463306;1952.69941;2.88113;24;8.4
80;-3837.4286462570;1949.51545;2.88583;27;9.8
1;-3565.1597898914;8277.13100;0.67970;23;26.3
2;-3577.1715779733;7895.59891;0.71255;15;18.8
3;-3594.2878209500;7509.84137;0.74915;20;25.1
4;-3611.2861034775;7136.86423;0.78830;20;25.8
5;-3627.5272657726;6785.23411;0.82915;20;27.1
6;-3642.6536075723;6448.37786;0.87246;19;25.0
7;-3656.9824681034;6127.75685;0.91811;20;25.8
8;-3670.4764976455;5822.58228;0.96623;20;25.7
9;-3683.1799941096;5530.15516;1.01733;20;26.9
10;-3695.1927808173;5252.22263;1.07116;20;26.3
11;-3706.4696928046;4984.76623;1.12863;21;26.8
12;-3717.1361887353;4729.96820;1.18943;20;25.9
13;-3727.1373042468;4483.14874;1.25492;20;26.1
16;-3753.8300900833;3794.76816;1.48256;19;20.1
17;-3761.6139409639;3575.74130;1.57337;21;23.4
18;-3768.9697933906;3363.22219;1.67279;21;13.3
19;-3775.7352259293;3150.08096;1.78598;21;13.0
20;-3782.0832768860;2939.89002;1.91367;22;13.6
21;-3787.8348261125;2738.98656;2.05403;22;13.5
22;-3792.8032640981;2541.77673;2.21340;23;14.1
23;-3797.1386020511;2352.06931;2.39192;33;19.4
24;-3800.8008071236;2157.28473;2.60789;30;15.9
25;-3804.1662592299;2052.63606;2.74085;37;18.8
26;-3807.0363254905;2038.75728;2.75951;41;19.5
27;-3810.5809555681;2115.50937;2.65939;35;16.1
28;-3813.2621055418;2154.92276;2.61075;50;22.7
114;-3840.3607082588;1925.93827;2.92116;26;12.5
115;-3840.4117276572;1923.28863;2.92518;26;12.0
116;-3840.4635448619;1922.23483;2.92679;25;11.4
117;-3840.5296611702;1922.13703;2.92694;27;12.2
118;-3840.5998250066;1924.63132;2.92314;24;10.5
119;-3840.6732523067;1924.74541;2.92297;21;9.8
120;-3840.7559964944;1925.40483;2.92197;25;10.3
121;-3840.8376901286;1921.49638;2.92791;23;10.6
122;-3840.9109447979;1916.95276;2.93485;22;9.9
123;-3840.9870997210;1913.48924;2.94016;22;10.0
124;-3841.0320025645;1913.09761;2.94077;23;9.7
125;-3841.0914015349;1914.87710;2.93803;21;9.9
126;-3841.1305449904;1917.98321;2.93327;22;9.5
127;-3841.1631919641;1918.45272;2.93256;23;10.2
128;-3841.1807393949;1918.81489;2.93200;21;8.3
129;-3841.2029080643;1918.04048;2.93319;22;9.4
130;-3841.2180853688;1917.03368;2.93473;23;9.1
131;-3841.2330240932;1916.41905;2.93567;23;9.5
132;-3841.2477765012;1915.59305;2.93693;24;9.6
133;-3841.2611996730;1915.91692;2.93644;23;9.8
134;-3841.2735055623;1915.54892;2.93700;23;9.1
135;-3841.2850710342;1915.67941;2.93680;23;8.8
136;-3841.2964966827;1915.33576;2.93733;22;8.0
137;-3841.3076572379;1914.79691;2.93816;23;8.4
138;-3841.3184553467;1914.28907;2.93894;23;8.4
139;-3841.3290632381;1913.78779;2.93970;23;8.7
140;-3841.3392758161;1913.67375;2.93988;23;8.7
141;-3841.3484071549;1913.65560;2.93991;22;8.6
142;-3841.3565811385;1913.77326;2.93973;23;8.9
143;-3841.3643364553;1913.74473;2.93977;23;8.7
144;-3841.3718373736;1913.60401;2.93999;21;8.1
145;-3841.3791532944;1913.33857;2.94040;23;8.3
146;-3841.3862985537;1913.08675;2.94078;25;8.9
147;-3841.3930371627;1913.02863;2.94087;23;8.5
148;-3841.3991868203;1913.10759;2.94075;23;8.2
149;-3841.4048961098;1913.39051;2.94032;23;8.1
150;-3841.4103429046;1913.62532;2.93995;26;11.7
151;-3841.4158591261;1913.86158;2.93959;21;7.3
47;-3831.0634553894;2001.26103;2.81121;54;17.0
48;-3831.4297796243;1987.80246;2.83025;30;11.0
49;-3831.8453486620;1976.16297;2.84692;26;9.6
