Gen   ID    Origin   Composition    Enthalpy   Volume  Density   Fitness   KPOINTS  SYMM  Q_entr A_order S_order Magmoment-Type
                                      (eV)     (A^3)   (g/cm^3)
  1    1   Random    [ 96 14116 16] -27128.032  4999.612   0.571     N/A    [ 1  1  1]   1  0.210  3.024  2.182
  1    2   Random    [ 96 14116 16] -27121.894  4999.436   0.571     N/A    [ 1  1  1]   1  0.211  3.054  2.180
  1    3   Random    [ 96 14116 16] -27124.239  4999.553   0.571     N/A    [ 1  1  1]   1  0.215  3.035  2.152
  1    4   Random    [ 96 14116 16] -27126.739  4999.445   0.571     N/A    [ 1  1  1]   1  0.211  3.033  2.172
  1    5   Random    [ 96 16116 12] -26899.980  3973.926   0.708     N/A    [ 1  1  1]   5  0.224  2.584  1.768
  1    6   Random    [ 96 16116 12] -26916.209  4977.441   0.565     N/A    [ 1  1  1]   1  0.209  3.002  2.177
  1    7   Random    [ 96 16116 12] -26918.253  4977.520   0.565     N/A    [ 1  1  1]   1  0.205  3.007  2.197
  1    8   Random    [ 96 16116 12] -26918.738  4977.595   0.565     N/A    [ 1  1  1]   5  0.205  3.059  2.209
  1    9   Random    [ 96 16116 12] -26915.851  4977.767   0.565     N/A    [ 1  1  1]   5  0.206  3.022  2.208
  1   10   Random    [ 96 18116  8] -26703.479  3956.541   0.701     N/A    [ 1  1  1]   1  0.203  2.601  1.887
  1   11   Random    [ 96 18116  8] -26705.233  4955.721   0.560     N/A    [ 1  1  1]   1  0.205  3.047  2.224
  1   12   Random    [ 96 18116  8] -26706.502  4955.489   0.560     N/A    [ 1  1  1]   1  0.206  3.066  2.209
  1   13   Random    [ 96 18116  8] -26707.240  4955.766   0.560     N/A    [ 1  1  1]   1  0.202  3.071  2.239
