MOL: pose-valsartan-PM6
Number of atoms: 61
O         -0.92209        0.70769       -0.58955	  0   0   0   1
O         -0.21329       -3.43441       -1.53225	  1   0   0   1
O         -1.60729        1.07399        1.49735	  2   1   0   1
N         -1.19419       -2.03531       -0.04625	  2   1   3   0
N          1.19231        2.69409        0.74665	  1   2   3   0
N          1.85291        4.83679        1.06355	  5   1   2   0
N          0.20661        3.57569        0.45715	  5   1   2   0
N          0.61051        4.85549        0.64705	  6   5   1   0
C         -2.22959       -1.03351        0.29215	  4   2   1   0
C         -3.17459       -1.48501        1.44795	  9   4   2   0
C         -0.19019       -2.42931        0.98305	  4   2   1   0
C         -1.09799       -2.59841       -1.32325	  2   1   3   0
C         -4.42089       -0.62221        1.61725	 10   9   4   0
C         -3.56229       -2.94721        1.21205	 10   9   4   0
C         -2.07889       -2.20051       -2.39715	 12   2   1   0
C         -1.58299        0.33089        0.54135	  3   1   2   0
C          0.86811       -1.37061        1.17995	 11   4   2   0
C         -1.36309       -1.43351       -3.51645	 15  12   2   0
C         -2.36399       -0.90841       -4.55395	 18  15  12   0
C          0.99171       -0.72121        2.41705	 17  11   4   0
C          1.71641       -1.01461        0.12285	 17  11   4   0
C          2.80671        0.62429        1.53645	 21  17  11   0
C          1.95601        0.27289        2.59715	 20  17  11   0
C          2.68231       -0.02331        0.29915	 21  17  11   0
C         -1.66629       -0.07211       -5.62185	 19  18  15   0
C          3.85041        1.65599        1.72985	 22  21  17   0
C          3.57591        3.02539        1.55015	 26  22  21   0
C          5.14171        1.26439        2.11105	 26  22  21   0
C          4.58101        3.98379        1.76455	 27  26  22   0
C          6.13901        2.21819        2.32275	 28  26  22   0
C          2.25141        3.48249        1.13815	  5   1   2   0
C          5.85691        3.57789        2.15335	 29  27  26   0
H         -2.89119       -0.89061       -0.62915	  9   4   2   0
H         -2.56959       -1.42101        2.39185	 10   9   4   0
H         -0.72029       -2.66301        1.94435	 11   4   2   0
H          0.29071       -3.38861        0.66065	 11   4   2   0
H         -4.17069        0.44019        1.77425	 13  10   9   0
H         -5.08129       -0.67121        0.74135	 13  10   9   0
H         -5.00969       -0.94731        2.48545	 13  10   9   0
H         -2.69019       -3.60901        1.16375	 14  10   9   0
H         -4.13409       -3.08131        0.28535	 14  10   9   0
H         -4.19629       -3.32061        2.02825	 14  10   9   0
H         -2.62969       -3.07351       -2.81475	 15  12   2   0
H         -2.86939       -1.56321       -1.93725	 15  12   2   0
H         -0.61569       -2.08591       -4.01115	 18  15  12   0
H         -0.78699       -0.58761       -3.08735	 18  15  12   0
H         -3.14789       -0.30361       -4.05515	 19  18  15   0
H         -2.89989       -1.75581       -5.02745	 19  18  15   0
H          0.33081       -0.99901        3.24225	 20  17  11   0
H          1.63321       -1.52291       -0.84155	 21  17  11   0
H          2.05021        0.77329        3.56125	 23  20  17   0
H          3.34351        0.24729       -0.52735	 24  21  17   0
H         -2.38139        0.30519       -6.36285	 25  19  18   0
H         -0.91129       -0.65311       -6.16505	 25  19  18   0
H         -1.15579        0.79729       -5.18995	 25  19  18   0
H         -0.17329        1.36279       -0.42365	  1   2   3   0
H          5.36591        0.20329        2.24505	 28  26  22   0
H          4.36241        5.04419        1.62565	 29  27  26   0
H          7.13841        1.90179        2.62455	 30  28  26   0
H          6.63791        4.32119        2.32435	 32  29  27   0
H         -0.73099        3.29059        0.12725	  7   5   1   0
