 ID    Origin    Enthalpy   Parent-E   Parent-ID
   1   Random    -112.099  -112.099  [         0]
   2   Random    -112.074  -112.074  [         0]
   3   Random    -112.084  -112.084  [         0]
   4   Random    -112.094  -112.094  [         0]
   5   Random    -112.083  -112.083  [         0]
   6   Random    -112.151  -112.151  [         0]
   7   Random    -112.159  -112.159  [         0]
   8   Random    -112.161  -112.161  [         0]
   9   Random    -112.149  -112.149  [         0]
  10   Random    -112.199  -112.199  [         0]
  11   Random    -112.207  -112.207  [         0]
  12   Random    -112.212  -112.212  [         0]
  13   Random    -112.215  -112.215  [         0]
