MOL: drug-sacubitril_PM6
Number of atoms: 59
O          4.10506        1.63722        0.30574	  0   0   0   1
O          4.11996        1.78372        2.55774	  1   0   0   1
O         -1.92884        2.26732       -0.25726	  2   1   0   1
O         -6.72884        2.81562        1.15034	  3   1   2   0
O         -6.21044        0.72992        1.75814	  4   3   1   0
N         -0.91934        1.24462        1.50794	  3   1   2   0
C          0.45856        1.44132        0.97174	  6   3   1   0
C          1.18546        2.46322        1.87344	  7   6   3   0
C          2.45296        3.03842        1.22444	  8   7   6   0
C          1.19106        0.08442        0.93344	  7   6   3   0
C          0.49626       -0.93428        0.07444	 10   7   6   0
C          2.80786        4.41852        1.77494	  9   8   7   0
C          3.63096        2.11312        1.49524	  2   1   3   0
C         -2.03704        1.65902        0.81344	  3   1   2   0
C         -0.01834       -2.10728        0.64704	 11  10   7   0
C          0.38566       -0.73738       -1.31156	 11  10   7   0
C         -3.37444        1.32632        1.44034	 14   3   1   0
C         -0.72804       -2.88188       -1.54046	 15  11  10   0
C         -0.61964       -3.07838       -0.15536	 15  11  10   0
C         -0.22744       -1.70058       -2.11226	 16  11  10   0
C         -4.46734        2.23832        0.89274	 17  14   3   0
C         -1.36054       -3.90948       -2.39516	 18  15  11   0
C          5.29676        0.77562        0.29504	  1   2   3   0
C         -0.88024       -5.22888       -2.38866	 22  18  15   0
C         -2.44244       -3.56658       -3.22206	 22  18  15   0
C         -5.82964        1.80122        1.32204	  5   4   3   0
C          6.53356        1.63022        0.44284	 23   1   2   0
C         -1.47324       -6.19148       -3.20946	 24  22  18   0
C         -3.03394       -4.53538       -4.03606	 25  22  18   0
C         -2.54934       -5.84728       -4.03366	 28  24  22   0
H          0.37596        1.85522       -0.07266	  7   6   3   0
H          0.48986        3.30222        2.10234	  8   7   6   0
H          1.41546        2.02432        2.86634	  8   7   6   0
H          2.30306        3.12112        0.11274	  9   8   7   0
H          2.22196        0.23852        0.54074	 10   7   6   0
H          1.33336       -0.30258        1.96624	 10   7   6   0
H         -0.99724        0.71582        2.38184	  6   3   1   0
H          2.97216        4.40322        2.86094	 12   9   8   0
H          2.00216        5.14082        1.58054	 12   9   8   0
H          3.71686        4.82422        1.30954	 12   9   8   0
H          0.05056       -2.26618        1.72444	 15  11  10   0
H          0.78286        0.17082       -1.76656	 16  11  10   0
H         -3.33234        1.39732        2.55234	 17  14   3   0
H         -3.61714        0.25542        1.23574	 17  14   3   0
H         -1.00794       -3.99318        0.29614	 19  15  11   0
H         -0.31094       -1.54058       -3.18886	 20  16  11   0
H         -4.43054        2.26802       -0.22776	 21  17  14   0
H         -4.28714        3.29942        1.19464	 21  17  14   0
H          5.19056        0.02012        1.09244	 23   1   2   0
H          5.20236        0.30262       -0.70176	 23   1   2   0
H         -0.04174       -5.50118       -1.74656	 24  22  18   0
H         -2.82074       -2.54358       -3.22626	 25  22  18   0
H          6.57676        2.42512       -0.31436	 27  23   1   0
H          6.58126        2.11942        1.42574	 27  23   1   0
H          7.44676        1.02742        0.33514	 27  23   1   0
H         -1.09414       -7.21438       -3.20776	 28  24  22   0
H         -3.87524       -4.26578       -4.67616	 29  25  22   0
H         -3.00864       -6.59998       -4.67476	 30  28  24   0
H         -7.67324        2.56692        1.40654	  4   3   1   0
